   -4.0000  249.7500
         0  282.8750
    4.0000  289.0000
    8.0000  294.5000
   12.0000  299.2500
   20.0000  281.5000
   24.0000  293.1250
   28.0000  304.7500
   32.0000  300.7500
   36.0000  317.3125
   48.0000  308.0000
   52.0000  298.0000
   56.0000  308.2500
   60.0000  319.7500
   64.0000  317.7500
   68.0000  350.5000
   72.0000  324.5000
   76.0000  328.5000
   80.0000  336.2500
   84.0000  336.2500
   88.0000  343.2500
   92.0000  342.5000
   96.0000  334.7237
  100.0000  336.5741
  104.0000  338.1883